            0.204367 0 0 0  0.000548195 -0.000116701  2.01328e-05 0 0 0 0 0 0  0.00585359 -0.00172768 -0.00151779   0.0215516 -0.00183758  0.00913464 0 0 0 0.209883 -0.54623 -9.79153 
             0.30002  -0.00137582 -0.000128272   0.00191067  0.00663111   0.0010905 0.000695057  1.37325e-07 -7.40433e-07  6.72197e-08 5.06029e-08 1.24119e-08 7.99572e-09   0.00888396 -0.000223483   -0.0013241   0.0215516 -0.00183756  0.00913464 -1.30497e-07 -3.20132e-08 -2.06199e-08 0.209884 -0.54623 -9.79153 
            0.400122  0.00613579   0.0144121 -0.00116005 0.00789311 0.00310308 0.00643291  1.38096e-05 -3.80018e-06  5.15689e-07  4.64978e-08 -1.13154e-08 -6.25271e-08 0.0116176 0.0105405 0.0287339   0.0215047 -0.00190352  0.00915169 -5.13939e-07 -2.93938e-06 -8.50003e-06  0.209884 -0.546228  -9.79153 
            0.499955 0.00326616 -0.0168974 0.00438718 0.00480817 0.00393815 0.00387909 0.000121139   0.0205798   -0.001173 -3.66491e-06  1.41881e-06  2.85956e-06 -0.00624526  0.00927767  0.00622187   0.0215474 -0.00169484  0.00914695  0.00358034 0.000236117  0.00451281  0.206348 -0.546219  -9.79161 
             0.60008   0.0229868 -0.00571612  0.00196797 0.00532448  0.0027628 0.00443815  -0.0205086   0.0117793 -0.00110454 -3.53362e-06  1.56123e-06  4.17191e-06 -0.000506707  -0.00307129   0.00435098    0.021494 -0.00173978  0.00915811 0.00201639 0.00390067 0.00428323  0.207852 -0.549743  -9.79138 
             0.70001   0.0371936   0.0162892 -0.00158971   0.0102674 0.000104188 0.000145733  -0.0401216  -0.0274583 0.000678697 -8.72399e-07  1.34194e-06  6.45614e-06  0.0250125 -0.0160218 -0.0170405   0.0214797 -0.00174963  0.00917637 -0.00515698  0.00788133   0.0129836 0.214566 -0.55308 -9.79104 
            0.800141  0.0157682  0.0053041 0.00126423 0.00904815 0.00129026 0.00505582   -0.0185766   0.00190523 -0.000518368  1.68652e-06 -2.67802e-06  9.94462e-06   0.0121622 -0.00557565   0.0092105   0.0215291 -0.00179359  0.00916561 0.000337643  0.00332701 0.000106378  0.209554 -0.549422  -9.79136 
            0.900031     0.0143 -0.0186924 0.00150529 0.00695687 0.00104903 0.00677758  -0.0158454   0.0262973 -0.00177956 1.93195e-06  -2.802e-06 1.17121e-05 -0.00224686 -0.00571296   0.0128668   0.0215296 -0.00171112  0.00916495   0.0047297  0.00275922 -0.00133794 0.205366 -0.54896 -9.79147 
             1.00014 -0.0266128  -0.020156 0.00365686 0.00661575 0.00565376 0.00595423   0.0216282   0.0276065 -0.00114898  2.41407e-06 -1.27486e-06   1.5553e-05 -0.00470505   0.0177674  0.00547256    0.021644 -0.00168227  0.00915684  0.00489462 -0.00373881  0.00237835   0.20514 -0.542536  -9.79184 
             1.10007 0.00223425 -0.0366871 0.00299987 0.00401513 0.00350499 0.00493493 -0.00311326   0.0411838 -0.00245006 2.49765e-06 -3.3279e-06 2.11273e-05   -0.0133131 -0.000620024   -0.0021296    0.021565 -0.00165127  0.00918029  0.00725667 0.000818563  0.00512891  0.202812 -0.546754  -9.79165 
             1.20006 -0.00917938  -0.0289102  0.00314052 0.00338671  0.0051578 0.00660487 0.00724987  0.0371621 -0.0019679  1.54156e-06 -3.45628e-06  2.19672e-05 -0.00689805  0.00675978  0.00390554   0.0215809 -0.00172039  0.00916141  0.00661723 -0.00121966  0.00164646  0.203494 -0.544986  -9.79173 
             1.30009 0.00415988 -0.0373369 0.00472874 -0.00061658  0.00430391   0.0091962 -0.00215528   0.0550006 -0.00315364  1.37392e-06 -2.74206e-06  2.24171e-05  -0.0204729 0.000179717   0.0120908  0.0215263 -0.0017308 0.00917015  0.00987603  0.00027314 -0.00179416  0.200432 -0.546601  -9.79171 
             1.40009   0.0209151 -0.00810528  0.00247881  0.00322621 0.000722701  0.00725945  -0.0215046   0.0243568 -0.00174679  3.26178e-06 -3.24345e-06  2.68708e-05  0.00387897  -0.0178357 0.000347404   0.0214949 -0.00177069  0.00917682 0.00429613 0.00401736 0.00316564 0.205687 -0.54991 -9.79141 
             1.50002 0.000339805 0.000918821 0.000660424 0.00848962 0.00135588 0.00320698    -0.007537   0.00179015 -0.000201054  3.48698e-06 -9.03438e-07  2.91972e-05   0.0257782 -0.00928373  -0.0159441   0.0215809 -0.00172904  0.00917542 0.000145347  0.00184909  0.00911196  0.209555 -0.547514  -9.79147 
             1.60004  -0.012925 -0.0048684 0.00137179 0.00992537 0.00313067 0.00262857   0.00582418   0.00751871 -0.000233089  4.07106e-06 -1.22591e-06   3.0481e-05  0.0232393 0.00284633 -0.0136651   0.0216195 -0.00172041  0.00917273   0.00120254 -0.000631271   0.00744197  0.208579 -0.545235  -9.79161 
              1.7001 -0.00616755  -0.0120339 0.000468293  0.0108915 0.00298318 0.00391638   0.00341372    0.0134695 -0.000592301  4.97619e-06 -3.84624e-07  3.11615e-05   0.0209414  0.00106992 -0.00408446   0.0216098 -0.00169884  0.00916969   0.00233903 -0.000401115   0.00368914  0.207566 -0.545657  -9.79161 
             1.80007  -0.00788024   -0.0117945 -0.000727449  0.0108174 0.00323757 0.00625837  0.00370785   0.0220659 -0.00105926  4.96835e-06 -4.09735e-08  3.11739e-05   0.0125064 0.000860287  0.00812281   0.0216255 -0.00171087  0.00915912   0.00395012 -0.000660115 -6.78942e-05 0.206101 -0.54561 -9.79165 
                 1.9 -0.0131733 -0.0353412 0.00299945 0.00853098 0.00379774 0.00448734  0.00644633   0.0364319 -0.00183092 3.78338e-06 6.28438e-07 3.28978e-05 -0.00115851  0.00345106 -0.00403204    0.021638 -0.00161607  0.00915402  0.00647032 -0.00096384  0.00329767  0.203622 -0.545147  -9.79172 
             2.00006 -0.00751953  -0.0369874  0.00257606 0.00642265 0.00285081  0.0053933 0.00131369  0.0437487 -0.0023435 3.69981e-06 7.85882e-07 3.28471e-05 -0.00930824 -0.00312037  0.00055779   0.0216123 -0.00163039  0.00915565   0.00781227 -0.000134978   0.00166748  0.202371 -0.546025   -9.7917 
             2.10008 -0.0165838 -0.0271605 0.00332417 0.00756064   0.004912 0.00597324   0.0100941   0.0365256 -0.00176507 3.33163e-06 6.48962e-07 3.43894e-05 0.000488065  0.00754284  0.00308216   0.021631 -0.0016533 0.00915037  0.00653083 -0.00174979 0.000943585   0.20361 -0.544522  -9.79176 
             2.20015 -0.00651102  -0.0415569  0.00419652 0.00449417 0.00370426 0.00617935  0.00334485   0.0474839 -0.00251491 3.01708e-06 4.80118e-07 3.59874e-05  -0.0115965 -0.00318821 0.000677665   0.0216036 -0.00161797   0.0091605   0.00849033 -0.000528123   0.00116578  0.201733 -0.545677  -9.79173 
             2.30001 -0.0167375 -0.0381717 0.00740878 0.00459933 0.00449876  0.0056062  0.00734871    0.043529 -0.00221864 3.14649e-06 4.94284e-07 3.64665e-05 -0.00524872  0.00223082 -0.00269549   0.0216344 -0.00164097  0.00916638  0.00776766 -0.00121141  0.00182155  0.202411 -0.544991  -9.79176 
             2.40028 -0.00853978  -0.0299472  0.00162612 0.00790148 0.00401057 0.00545786  0.00498765   0.0314249 -0.00164145 3.17492e-06 1.33506e-06 3.76417e-05    0.011809 -0.00142041 -0.00298227   0.0215993 -0.00166036  0.00918456   0.00559201 -0.000798027   0.00156657  0.204491 -0.545394  -9.79169 
                 2.5 -0.0109411 -0.0218324 0.00153423  0.0092068 0.00420273 0.00738381  0.00570226   0.0309137 -0.00159883 2.93106e-06 1.20978e-06 3.76656e-05   0.0147757 0.000492749  0.00600652   0.0216151 -0.00169527  0.00917617   0.00554535  -0.00106385 -0.000932338  0.204581 -0.545272   -9.7917 
             2.59999 -0.0147886 -0.0296554 0.00344394 0.00812295  0.0044033 0.00722029  0.00664433   0.0386826 -0.00202613 2.56775e-06  1.5846e-06 3.86074e-05   0.00508136 -0.000559709   0.00154978   0.0216193 -0.00166085  0.00917452   0.00693442  -0.00118578 -6.96016e-05  0.203242 -0.545113  -9.79173 
             2.70007 -0.0168131 -0.0318519 0.00382984 0.00893045 0.00454729 0.00631543  0.00753198   0.0378947 -0.00196679 2.43275e-06  1.5921e-06 3.85585e-05  0.00556266 5.19845e-05 -0.00256118   0.0216304 -0.00164436  0.00917237  0.00677315 -0.00128539  0.00101659  0.203375 -0.544961  -9.79174 
             2.80002 -0.00939821  -0.0374265  0.00318995 0.00702575 0.00413232 0.00585251   0.0065341   0.0448539 -0.00235213 2.45134e-06 1.38065e-06 3.88535e-05 -0.00344233 -0.00258771 -0.00490819   0.0216103 -0.00163916  0.00917858  0.00802333 -0.00109199  0.00127879  0.202181 -0.545133  -9.79175 
             2.90004 -0.0119847 -0.0357561 0.00311176  0.0082089 0.00327031 0.00554848   0.0048347   0.0407707 -0.00217438 2.39855e-06 1.34158e-06 3.89557e-05  0.00311642 -0.00513031  -0.0033339    0.021621 -0.00165194  0.00917433   0.00729077 -0.000793666   0.00112932   0.20288 -0.545422  -9.79172 
             3.00007 -0.0064513 -0.0363026 0.00405583 0.00685079 0.00300837 0.00633225  0.00541918    0.044784 -0.00237965 2.34922e-06 1.45375e-06 3.88476e-05  -0.00384021  -0.00372998 -1.28123e-05   0.0216046 -0.00166045  0.00917315   0.00803755 -0.000960382  5.96416e-06  0.202191 -0.545324  -9.79174 
                 3.1 -0.0175763 -0.0425137 0.00328899 0.00648367 0.00482702 0.00464657  0.0112664  0.0449767 -0.0022463 2.09362e-06 1.86768e-06   3.964e-05 -0.00353245   0.0067237 -0.00738183   0.0216467 -0.00163501  0.00917706  0.00804071 -0.00193222   0.0014903  0.202162 -0.544328   -9.7918 
             3.20003 -0.0138469 -0.0372307 0.00362201 0.00607983 0.00568373 0.00613121   0.0115501   0.0448791 -0.00223204 1.65758e-06 2.13871e-06 3.96517e-05 -0.00301034  0.00702133  0.00243415   0.0216276 -0.00165152  0.00918223   0.00806745  -0.00210384 -0.000620189  0.202174 -0.544275   -9.7918 
             3.30003 -0.0182027  -0.032702 0.00311418  0.0073583 0.00600789 0.00766301  0.0103715   0.041046 -0.0020246 1.50467e-06 2.06821e-06 3.98023e-05 0.00335402 0.00705838 0.00745171   0.0216482 -0.00165344  0.00918234  0.00739751 -0.00196046 -0.00184093  0.202831 -0.544472  -9.79178 
                 3.4 -0.0160497 -0.0289355 0.00297543  0.0080586 0.00668478 0.00865924    0.010422   0.0401415 -0.00197044 1.50708e-06 2.10416e-06 3.97969e-05 0.00547939 0.00675984 0.00808777   0.0216294 -0.00165558  0.00918916  0.00723933 -0.00198374 -0.00209243  0.202985 -0.544463  -9.79177 
             3.50009 -0.00948979   -0.036396  0.00368405 0.0082676 0.0040264 0.0062904  0.00328058   0.0410259 -0.00221709 5.93245e-07 1.56711e-06 4.06229e-05  0.00269571 -0.00798936 -0.00596171   0.0216179 -0.00162226  0.00918886   0.00733838 -0.000529925  0.000721238   0.20284 -0.545689  -9.79171 
             3.60011 -0.00652236  -0.0386328  0.00293109 0.00719061 0.00253066 0.00513769  0.00187149   0.0439941 -0.00243286 5.96025e-07 1.55628e-06 4.06822e-05 -0.00203973   -0.010929 -0.00889524   0.0216125 -0.00161632  0.00919852   0.00786636 -0.000245784   0.00121525  0.202332 -0.545932  -9.79171 
             3.70012 -0.0112195 -0.0348692 0.00365302 0.00782563  0.0044545 0.00534892  0.00828698   0.0422021 -0.00215139 4.66121e-07 1.29992e-06 4.15971e-05  0.00199482    0.002259 -0.00482951   0.0216262 -0.00162458  0.00919575  0.00756272 -0.00147443 0.000177603 0.202638 -0.54483 -9.79176 
             3.80012 -0.0197969 -0.0358932 0.00523785 0.00794824   0.006768 0.00459095   0.0128503   0.0423894 -0.00206071 5.53114e-07 1.36363e-06 4.21123e-05  0.00232312   0.0109745 -0.00662592   0.0216556 -0.00161051  0.00920017  0.00759341 -0.00229749 0.000341377  0.202607 -0.544048   -9.7918 
                 3.9 -0.0175213 -0.0375401 0.00342053  0.0096044 0.00742336 0.00451311   0.0119364   0.0395537 -0.00191623 6.32598e-07 1.58864e-06 4.21377e-05  0.0084083 0.00908392 -0.0042644   0.0216485 -0.00159588  0.00921178   0.00708651  -0.00215852 -0.000148131  0.203093 -0.544203  -9.79179 
             4.00013 -0.00976669  -0.0400803  0.00205755 0.00977766 0.00586164 0.00477855  0.00686709   0.0407306 -0.00208253 7.46385e-07 1.72664e-06   4.297e-05   0.00762613  -0.00177496 -0.000404815    0.021628 -0.00159703  0.00921801   0.00731034  -0.00125847 -0.000614995  0.202891 -0.545071  -9.79174 
             4.10002 -0.0022597 -0.0374649 0.00183941 0.00687264 0.00385948  0.0057111  0.00334166   0.0474732 -0.00253952 6.63189e-07 1.95264e-06 4.28351e-05 -0.00639075  -0.0104012  0.00263644   0.0216066 -0.00161052  0.00922107   0.00855283 -0.000652675  -0.00128399  0.201736 -0.545675  -9.79173 
             4.20003 -0.0118792 -0.0406494 0.00394627 0.00697701 0.00336604 0.00760662  0.00426788   0.0458662 -0.00243565 8.39661e-07 1.26384e-06 4.30203e-05 -0.00347643 -0.00932626  0.00834595  0.0216322 -0.0015948 0.00921561   0.00828328 -0.000893011  -0.00258541  0.202012 -0.545517  -9.79174 
             4.30016 -0.0050833 -0.0380177   0.004187 0.00428583 0.00428101  0.0109708  0.00754568   0.0497682 -0.00259449 6.63539e-07 1.46658e-06 4.24914e-05  -0.0140425 -0.00132383   0.0171141   0.0216212 -0.00162525  0.00922788  0.00902784 -0.00159633 -0.00450664 0.201349 -0.54496 -9.79178 
              4.4001 -0.00941148  -0.0337086  0.00154941 0.00777565 0.00444549 0.00899114  0.00838377   0.0414187 -0.00214262 9.99256e-07 2.24783e-06 4.30233e-05  0.00547724 0.000263819  0.00397535    0.021644 -0.00162859  0.00923019  0.00744221 -0.00160622 -0.00183342  0.202786 -0.544811  -9.79176 
             4.50014 -0.0107128 -0.0406217 0.00401784 0.00815387 0.00538458 0.00418631   0.0104505    0.042172 -0.00211662 -2.7743e-08 2.24902e-06 4.32215e-05 0.00403672 0.00526981 -0.0175065   0.0216554 -0.00160286  0.00922589  0.00749298 -0.00178543  0.00185676  0.202674 -0.544453  -9.79178 
             4.60015 -0.0125924 -0.0363564 0.00120232 0.00869269 0.00568835 0.00384483  0.00998883   0.0417736 -0.00210454 -1.3851e-07 2.26501e-06 4.32747e-05 0.00560617  0.0041442 -0.0127043    0.021661 -0.00161976  0.00923281  0.00744392 -0.00175895 0.000840218 0.202738 -0.54453 -9.79178 
              4.7002   -0.01108 -0.0371147 0.00419812  0.0063865 0.00504802 0.00639393 0.00791715  0.0459166 -0.0024148 -2.86764e-07  2.69362e-06  4.33371e-05  -0.00731606 -2.20925e-05   0.00280209   0.0216577 -0.00162387  0.00922897  0.00825853 -0.00152699 -0.00170493  0.202024 -0.544877  -9.79177 
             4.80041  -0.011766 -0.0342815 0.00163315 0.00855013 0.00567348 0.00811806 0.00884651     0.0411 -0.0021002 -4.26101e-07  2.87969e-06  4.35053e-05 0.00520904 0.00220675 0.00898771   0.0216653 -0.00162831  0.00923079  0.00739455 -0.00175762 -0.00274906  0.202847 -0.544714  -9.79176 
             4.90006 -0.0126749 -0.0359428 0.00304846 0.00739184 0.00510503  0.0087593  0.00765746    0.043702 -0.00229445 -5.0684e-07  2.9476e-06 4.36233e-05 -0.00208824 -0.00211198  0.00750866   0.0216679 -0.00163464  0.00922442  0.00786667  -0.0015265 -0.00252321  0.202404 -0.544918  -9.79176 
             5.00004 -0.0142708 -0.0396605 0.00412981 0.00650929 0.00530101 0.00643036   0.0085962   0.0450064 -0.00234137 -7.87056e-07  3.06209e-06  4.37246e-05 -0.00427581 0.000693041 -0.00551568   0.0216745 -0.00162504  0.00922375   0.00806179   -0.0015864 -0.000494336 0.202187 -0.54476 -9.79177 
             5.10013 -0.0107352 -0.0385728 0.00221006 0.00712211  0.0042843 0.00634143  0.00686292   0.0434136 -0.00230382 -7.63889e-07  3.18504e-06  4.39739e-05 -0.000457639  -0.00472179  -0.00425355   0.0216765 -0.00163549  0.00922947   0.00777401  -0.00128127 -0.000778624  0.202458 -0.545056  -9.79175 
             5.20019 -0.00710495  -0.0324128  0.00118588 0.00599112 0.00479534 0.00720883  0.00835462   0.0449287 -0.00236704 -9.66576e-07  3.24076e-06  4.37713e-05  -0.00447619 -0.000266659  -0.00069382   0.0216682 -0.00165588  0.00922795  0.00807102 -0.00160671 -0.00164265 0.202198  -0.5448 -9.79177 
             5.29998  -0.017798 -0.0319712 0.00305715 0.00733161 0.00550693  0.0079654 0.00931867  0.0422524 -0.0021856 -8.5134e-07 2.85111e-06 4.38971e-05 0.00208733 0.00246106  0.0024766   0.0216971 -0.00164815  0.00922325  0.00758563 -0.00181869 -0.00221855  0.202657 -0.544633  -9.79177 
             5.40014 -0.0112344 -0.0255042  0.0010504 0.00620569  0.0063052  0.0102797  0.00994223   0.0439301 -0.00227011 -1.07588e-06  3.13038e-06    4.363e-05 -0.00319371  0.00545639   0.0105024   0.0216776 -0.00166609  0.00922278  0.00792769    -0.00201 -0.00351348  0.202365 -0.544523  -9.79178 
             5.50014 -0.0143636 -0.0344778 0.00459634  0.0067192 0.00500098 0.00747638  0.00756952   0.0430853 -0.00230314 -2.36673e-06   3.2452e-06  4.33873e-05 -0.000866734  -0.00256708  -0.00487611   0.0216858 -0.00164075  0.00921989  0.00771149  -0.0014329 -0.00114562  0.202521 -0.544934  -9.79176 
              5.6009 -0.00804802  -0.0328708  0.00176047 0.00562664 0.00591564 0.00868631  0.00915199     0.04434 -0.00233221 -2.53312e-06  3.43215e-06  4.31416e-05  -0.003759 0.00243357 0.00142354   0.0216708 -0.00165191  0.00922277  0.00796902 -0.00178553 -0.00218179  0.202303 -0.544663  -9.79178 
             5.70017 -0.0118073 -0.0324253 0.00187614 0.00605529 0.00520332 0.00864743   0.0077766   0.0432317 -0.00230546 -2.5414e-06 3.42846e-06 4.30071e-05 -0.00132533 -0.00191068 0.000498511   0.0216767 -0.00165933  0.00921737   0.0077611 -0.00152451 -0.00207273  0.202492 -0.544896  -9.79176 
             5.80013 -0.0144926 -0.0299839 0.00222325 0.00669831    0.00534 0.00810388  0.00823432   0.0421749 -0.00223112 -2.49142e-06  3.45034e-06  4.30984e-05  0.000405171 -0.000375304  -0.00249766   0.0216812 -0.00166266  0.00921391  0.00755779 -0.00159233  -0.0017665  0.202673 -0.544818  -9.79176 
             5.90017 -0.0105385 -0.0327083 0.00391285 0.00579324 0.00495605 0.00805495  0.00780472   0.0433418 -0.00231381 -2.50941e-06  3.48956e-06   4.3226e-05 -0.00312957 -0.00173732 -0.00155101   0.0216743 -0.00166026  0.00920972   0.0077783 -0.00151724 -0.00186116  0.202473 -0.544892  -9.79176 
             6.00014 -0.00810345  -0.0319366  0.00461347 0.00271295 0.00577104 0.00982759  0.00908119   0.0466865 -0.00245857 -2.52829e-06  3.60541e-06  4.31543e-05  -0.014917 0.00236605 0.00630174   0.0216718 -0.00166756   0.0092137  0.00843264 -0.00181721 -0.00293428  0.201894 -0.544673  -9.79178 
              6.1001 -0.0114312 -0.0306853 0.00270322 0.00418464 0.00499034 0.00896304  0.00780535   0.0431448 -0.00228791 -2.40256e-06  3.87599e-06   4.3076e-05  -0.00319028  -0.00174299 -0.000443598   0.0216755 -0.00166874  0.00921928  0.00775082 -0.00153301  -0.0021237 0.202502 -0.54489 -9.79176 
             6.20007  -0.018375 -0.0253248  0.0024891 0.00864558 0.00723756 0.00752106  0.0110041   0.037314 -0.0018438 -2.30702e-06   4.0436e-06  4.40046e-05   0.0150114  0.00893741 -0.00643335    0.021687 -0.00167125  0.00921549  0.00664866 -0.00209365 -0.00149771  0.203495 -0.544347  -9.79177 
             6.30012 -0.00851326  -0.0302549  0.00311614 0.00769732 0.00701639 0.00603902   0.0096462   0.0402749 -0.00207155 -2.5528e-06 3.75461e-06 4.48164e-05 0.00456795 0.00430845 -0.0100174   0.0216678 -0.00165425  0.00922236   0.00719518  -0.00180641 -0.000975166  0.202988 -0.544583  -9.79177 
             6.40227 -0.0138427 -0.0319959 0.00319435 0.00570419 0.00656158 0.00789595  0.00830011   0.0429168 -0.00228917 -2.3425e-06 3.54986e-06 4.48427e-05  -0.00476946   0.00196066 -4.80822e-06   0.0216852 -0.00165908  0.00922462  0.00773233  -0.0016403 -0.00247542  0.202528 -0.544808  -9.79176 
             6.50015 -0.00927304  -0.0302251  0.00270553 0.00519324 0.00650093 0.00997082   0.0078724   0.0428205 -0.00229684 -2.49724e-06  3.71148e-06  4.49092e-05 -0.00562329 0.000489927  0.00803549   0.0216781 -0.00166654  0.00922626  0.00773983 -0.00162142 -0.00353417   0.20254 -0.544878  -9.79176 
             6.60017 -0.00677628  -0.0219431  0.00144516 0.00670909 0.00659774  0.0104146  0.00793378   0.0404717 -0.00213343 -2.47748e-06  3.76235e-06  4.53406e-05   0.00155113 -3.32168e-05   0.00706041   0.0216678 -0.00167656  0.00922212   0.0072895 -0.00162409 -0.00338316  0.202944 -0.544867  -9.79175 
             6.70024 -0.00624585  -0.0305319  0.00273507 0.00647264 0.00595891 0.00855994  0.00730772    0.041075 -0.00219146 -3.18769e-06    3.915e-06  4.55284e-05 -0.000816202  -0.00304225  -0.00426645   0.0216716 -0.00165623  0.00922004   0.0073721 -0.00142984 -0.00208727  0.202847 -0.544978  -9.79175 
             6.80012 -0.0074734 -0.0270676 0.00466844 0.00405087 0.00492526 0.00913531  0.00644401   0.0436611 -0.00237546 -3.23176e-06  3.98023e-06  4.53361e-05  -0.00995578  -0.00723667 -0.000757539  0.0216745 -0.0016668 0.00921938  0.00787517 -0.00129322 -0.00256543  0.202402 -0.545125  -9.79175 
             6.90022 -0.0137574 -0.0290174 0.00260808 0.00595719  0.0061261  0.0076739  0.00874758   0.0405671 -0.00213427 -3.44247e-06  4.32972e-06  4.55973e-05  0.00120452 0.000918774 -0.00590663   0.0216895 -0.00165952  0.00922121  0.00726883 -0.00169827  -0.0019277  0.202936 -0.544729  -9.79176 
             7.00024 -0.0136295 -0.0278394  0.0031241 0.00728247  0.0071947 0.00782073  0.00983684   0.0391883 -0.00204192 -3.47051e-06  4.39172e-06  4.55575e-05  0.00584831  0.00497434 -0.00211324   0.0216858 -0.00166395  0.00922098  0.00701517 -0.00192716  -0.0023415  0.203171 -0.544544  -9.79177 
              7.1002 -0.00577359  -0.0290038 0.000265423 0.00722591 0.00729089 0.00739323  0.00941733   0.0398886 -0.00209029 -3.45455e-06  4.27169e-06   4.5696e-05  0.00318971  0.00333514 -0.00217269   0.0216664 -0.00166514  0.00922248  0.00714567 -0.00183996 -0.00220953  0.203052 -0.544616  -9.79176 
